86c86
<       (useauxorigin false)
---
>       (useauxorigin true)
97c97
<       (outputformat 4)
---
>       (outputformat 1)
239,247d238
<     (fp_line (start 1.88 -0.98) (end -1.88 -0.98) (layer B.CrtYd) (width 0.05))
<     (fp_line (start 1.88 0.98) (end 1.88 -0.98) (layer B.CrtYd) (width 0.05))
<     (fp_line (start -1.88 0.98) (end 1.88 0.98) (layer B.CrtYd) (width 0.05))
<     (fp_line (start -1.88 -0.98) (end -1.88 0.98) (layer B.CrtYd) (width 0.05))
<     (fp_line (start -0.261252 -0.735) (end 0.261252 -0.735) (layer B.SilkS) (width 0.12))
<     (fp_line (start -0.261252 0.735) (end 0.261252 0.735) (layer B.SilkS) (width 0.12))
<     (fp_line (start 1 -0.625) (end -1 -0.625) (layer B.Fab) (width 0.1))
<     (fp_line (start 1 0.625) (end 1 -0.625) (layer B.Fab) (width 0.1))
<     (fp_line (start -1 0.625) (end 1 0.625) (layer B.Fab) (width 0.1))
248a240,248
>     (fp_line (start -1 0.625) (end 1 0.625) (layer B.Fab) (width 0.1))
>     (fp_line (start 1 0.625) (end 1 -0.625) (layer B.Fab) (width 0.1))
>     (fp_line (start 1 -0.625) (end -1 -0.625) (layer B.Fab) (width 0.1))
>     (fp_line (start -0.261252 0.735) (end 0.261252 0.735) (layer B.SilkS) (width 0.12))
>     (fp_line (start -0.261252 -0.735) (end 0.261252 -0.735) (layer B.SilkS) (width 0.12))
>     (fp_line (start -1.88 -0.98) (end -1.88 0.98) (layer B.CrtYd) (width 0.05))
>     (fp_line (start -1.88 0.98) (end 1.88 0.98) (layer B.CrtYd) (width 0.05))
>     (fp_line (start 1.88 0.98) (end 1.88 -0.98) (layer B.CrtYd) (width 0.05))
>     (fp_line (start 1.88 -0.98) (end -1.88 -0.98) (layer B.CrtYd) (width 0.05))
274,293d273
<     (fp_line (start 15.625 -2.925) (end 1 -2.925) (layer F.SilkS) (width 0.12))
<     (fp_line (start 15.625 28.325) (end 15.625 -2.925) (layer F.SilkS) (width 0.12))
<     (fp_line (start -15.625 28.325) (end 15.625 28.325) (layer F.SilkS) (width 0.12))
<     (fp_line (start -15.625 -1.925) (end -15.625 28.325) (layer F.SilkS) (width 0.12))
<     (fp_line (start -14.625 -2.925) (end -15.625 -1.925) (layer F.SilkS) (width 0.12))
<     (fp_line (start -1 -2.925) (end -14.625 -2.925) (layer F.SilkS) (width 0.12))
<     (fp_line (start 0 -1.825) (end 0.5 -2.825) (layer F.Fab) (width 0.1))
<     (fp_line (start -0.5 -2.825) (end 0 -1.825) (layer F.Fab) (width 0.1))
<     (fp_line (start 12.985 -0.285) (end -12.985 -0.285) (layer F.Fab) (width 0.1))
<     (fp_line (start 12.985 25.685) (end 12.985 -0.285) (layer F.Fab) (width 0.1))
<     (fp_line (start -12.985 25.685) (end 12.985 25.685) (layer F.Fab) (width 0.1))
<     (fp_line (start -12.985 -0.285) (end -12.985 25.685) (layer F.Fab) (width 0.1))
<     (fp_line (start 16 -3.3) (end -16 -3.3) (layer F.CrtYd) (width 0.05))
<     (fp_line (start 16 28.7) (end 16 -3.3) (layer F.CrtYd) (width 0.05))
<     (fp_line (start -16 28.7) (end 16 28.7) (layer F.CrtYd) (width 0.05))
<     (fp_line (start -16 -3.3) (end -16 28.7) (layer F.CrtYd) (width 0.05))
<     (fp_line (start 15.525 -2.825) (end -14.525 -2.825) (layer F.Fab) (width 0.1))
<     (fp_line (start 15.525 28.225) (end 15.525 -2.825) (layer F.Fab) (width 0.1))
<     (fp_line (start -15.525 28.225) (end 15.525 28.225) (layer F.Fab) (width 0.1))
<     (fp_line (start -15.525 -1.825) (end -15.525 28.225) (layer F.Fab) (width 0.1))
294a275,294
>     (fp_line (start -15.525 -1.825) (end -15.525 28.225) (layer F.Fab) (width 0.1))
>     (fp_line (start -15.525 28.225) (end 15.525 28.225) (layer F.Fab) (width 0.1))
>     (fp_line (start 15.525 28.225) (end 15.525 -2.825) (layer F.Fab) (width 0.1))
>     (fp_line (start 15.525 -2.825) (end -14.525 -2.825) (layer F.Fab) (width 0.1))
>     (fp_line (start -16 -3.3) (end -16 28.7) (layer F.CrtYd) (width 0.05))
>     (fp_line (start -16 28.7) (end 16 28.7) (layer F.CrtYd) (width 0.05))
>     (fp_line (start 16 28.7) (end 16 -3.3) (layer F.CrtYd) (width 0.05))
>     (fp_line (start 16 -3.3) (end -16 -3.3) (layer F.CrtYd) (width 0.05))
>     (fp_line (start -12.985 -0.285) (end -12.985 25.685) (layer F.Fab) (width 0.1))
>     (fp_line (start -12.985 25.685) (end 12.985 25.685) (layer F.Fab) (width 0.1))
>     (fp_line (start 12.985 25.685) (end 12.985 -0.285) (layer F.Fab) (width 0.1))
>     (fp_line (start 12.985 -0.285) (end -12.985 -0.285) (layer F.Fab) (width 0.1))
>     (fp_line (start -0.5 -2.825) (end 0 -1.825) (layer F.Fab) (width 0.1))
>     (fp_line (start 0 -1.825) (end 0.5 -2.825) (layer F.Fab) (width 0.1))
>     (fp_line (start -1 -2.925) (end -14.625 -2.925) (layer F.SilkS) (width 0.12))
>     (fp_line (start -14.625 -2.925) (end -15.625 -1.925) (layer F.SilkS) (width 0.12))
>     (fp_line (start -15.625 -1.925) (end -15.625 28.325) (layer F.SilkS) (width 0.12))
>     (fp_line (start -15.625 28.325) (end 15.625 28.325) (layer F.SilkS) (width 0.12))
>     (fp_line (start 15.625 28.325) (end 15.625 -2.925) (layer F.SilkS) (width 0.12))
>     (fp_line (start 15.625 -2.925) (end 1 -2.925) (layer F.SilkS) (width 0.12))
460,473d459
<     (fp_line (start -1.8 11.9) (end -1.8 -1.8) (layer F.CrtYd) (width 0.05))
<     (fp_line (start 1.75 11.9) (end -1.8 11.9) (layer F.CrtYd) (width 0.05))
<     (fp_line (start 1.75 -1.8) (end 1.75 11.9) (layer F.CrtYd) (width 0.05))
<     (fp_line (start -1.8 -1.8) (end 1.75 -1.8) (layer F.CrtYd) (width 0.05))
<     (fp_line (start 0 -1.33) (end 1.33 -1.33) (layer F.SilkS) (width 0.12))
<     (fp_line (start 1.33 -1.33) (end 1.33 0) (layer F.SilkS) (width 0.12))
<     (fp_line (start 1.33 1.27) (end 1.33 11.49) (layer F.SilkS) (width 0.12))
<     (fp_line (start -1.33 11.49) (end 1.33 11.49) (layer F.SilkS) (width 0.12))
<     (fp_line (start -1.33 1.27) (end -1.33 11.49) (layer F.SilkS) (width 0.12))
<     (fp_line (start -1.33 1.27) (end 1.33 1.27) (layer F.SilkS) (width 0.12))
<     (fp_line (start -1.27 11.43) (end -1.27 -1.27) (layer F.Fab) (width 0.1))
<     (fp_line (start 1.27 11.43) (end -1.27 11.43) (layer F.Fab) (width 0.1))
<     (fp_line (start 1.27 -0.635) (end 1.27 11.43) (layer F.Fab) (width 0.1))
<     (fp_line (start 0.635 -1.27) (end 1.27 -0.635) (layer F.Fab) (width 0.1))
474a461,474
>     (fp_line (start 0.635 -1.27) (end 1.27 -0.635) (layer F.Fab) (width 0.1))
>     (fp_line (start 1.27 -0.635) (end 1.27 11.43) (layer F.Fab) (width 0.1))
>     (fp_line (start 1.27 11.43) (end -1.27 11.43) (layer F.Fab) (width 0.1))
>     (fp_line (start -1.27 11.43) (end -1.27 -1.27) (layer F.Fab) (width 0.1))
>     (fp_line (start -1.33 1.27) (end 1.33 1.27) (layer F.SilkS) (width 0.12))
>     (fp_line (start -1.33 1.27) (end -1.33 11.49) (layer F.SilkS) (width 0.12))
>     (fp_line (start -1.33 11.49) (end 1.33 11.49) (layer F.SilkS) (width 0.12))
>     (fp_line (start 1.33 1.27) (end 1.33 11.49) (layer F.SilkS) (width 0.12))
>     (fp_line (start 1.33 -1.33) (end 1.33 0) (layer F.SilkS) (width 0.12))
>     (fp_line (start 0 -1.33) (end 1.33 -1.33) (layer F.SilkS) (width 0.12))
>     (fp_line (start -1.8 -1.8) (end 1.75 -1.8) (layer F.CrtYd) (width 0.05))
>     (fp_line (start 1.75 -1.8) (end 1.75 11.9) (layer F.CrtYd) (width 0.05))
>     (fp_line (start 1.75 11.9) (end -1.8 11.9) (layer F.CrtYd) (width 0.05))
>     (fp_line (start -1.8 11.9) (end -1.8 -1.8) (layer F.CrtYd) (width 0.05))
503,526c503,546
<     (fp_poly (pts (xy 0.363073 3.928631) (xy 1.017027 3.811542) (xy 1.520303 3.655716) (xy 1.949294 3.455003)
<       (xy 2.347928 3.183665) (xy 2.760133 2.815969) (xy 2.823659 2.753104) (xy 3.20747 2.335282)
<       (xy 3.491188 1.937404) (xy 3.70055 1.51554) (xy 3.861291 1.025763) (xy 3.882097 0.946472)
<       (xy 4.000401 0.279367) (xy 3.999185 -0.363073) (xy 3.882097 -1.017027) (xy 3.726271 -1.520303)
<       (xy 3.525557 -1.949294) (xy 3.25422 -2.347928) (xy 2.886524 -2.760133) (xy 2.823659 -2.823659)
<       (xy 2.405837 -3.20747) (xy 2.007959 -3.491188) (xy 1.586095 -3.70055) (xy 1.096318 -3.861291)
<       (xy 1.017027 -3.882097) (xy 0.287963 -4.00201) (xy -0.431572 -3.983389) (xy -0.97433 -3.878793)
<       (xy -1.475633 -3.718549) (xy -1.907677 -3.509096) (xy -2.313584 -3.224852) (xy -2.736478 -2.840239)
<       (xy -2.753104 -2.823659) (xy -3.136915 -2.405837) (xy -3.420633 -2.007959) (xy -3.629995 -1.586095)
<       (xy -3.790736 -1.096318) (xy -3.811542 -1.017027) (xy -3.929846 -0.349922) (xy -3.929251 -0.035277)
<       (xy -3.760181 -0.035277) (xy -3.693408 -0.755463) (xy -3.50018 -1.430011) (xy -3.191132 -2.046728)
<       (xy -2.776897 -2.593425) (xy -2.268111 -3.05791) (xy -1.675407 -3.427992) (xy -1.009421 -3.691478)
<       (xy -0.465518 -3.812221) (xy 0.099916 -3.840457) (xy 0.746011 -3.767693) (xy 0.9525 -3.726442)
<       (xy 1.589208 -3.517585) (xy 2.170958 -3.190169) (xy 2.685267 -2.760202) (xy 3.119653 -2.243693)
<       (xy 3.461633 -1.656648) (xy 3.698726 -1.015076) (xy 3.818449 -0.334983) (xy 3.830735 -0.035277)
<       (xy 3.763459 0.675379) (xy 3.569316 1.347801) (xy 3.259838 1.967319) (xy 2.846555 2.519264)
<       (xy 2.340998 2.988968) (xy 1.754697 3.361762) (xy 1.099184 3.622977) (xy 0.917222 3.67119)
<       (xy 0.216029 3.77033) (xy -0.468205 3.738791) (xy -1.122381 3.586954) (xy -1.733401 3.325198)
<       (xy -2.288164 2.963905) (xy -2.773572 2.513453) (xy -3.176526 1.984224) (xy -3.483927 1.386597)
<       (xy -3.682674 0.730951) (xy -3.75967 0.027668) (xy -3.760181 -0.035277) (xy -3.929251 -0.035277)
<       (xy -3.928631 0.292518) (xy -3.811542 0.946472) (xy -3.655716 1.449748) (xy -3.455003 1.878739)
<       (xy -3.183665 2.277373) (xy -2.815969 2.689578) (xy -2.753104 2.753104) (xy -2.335282 3.136915)
<       (xy -1.937404 3.420633) (xy -1.51554 3.629995) (xy -1.025763 3.790736) (xy -0.946472 3.811542)
<       (xy -0.279367 3.929846) (xy 0.363073 3.928631)) (layer B.SilkS) (width 0.01))
---
>     (fp_poly (pts (xy 0.151198 3.539478) (xy 0.201007 3.428567) (xy 0.198432 3.40533) (xy 0.125614 3.292782)
>       (xy 0.00605 3.260036) (xy -0.097925 3.317899) (xy -0.115416 3.350917) (xy -0.116229 3.488786)
>       (xy -0.084667 3.541889) (xy 0.035417 3.587168) (xy 0.151198 3.539478)) (layer B.SilkS) (width 0.01))
>     (fp_poly (pts (xy 0.487156 3.140087) (xy 0.531076 3.101354) (xy 0.527479 2.997174) (xy 0.454473 2.880714)
>       (xy 0.357014 2.822355) (xy 0.352777 2.822223) (xy 0.26811 2.870051) (xy 0.214231 2.924965)
>       (xy 0.164772 3.057792) (xy 0.23688 3.151499) (xy 0.352777 3.175) (xy 0.487156 3.140087)) (layer B.SilkS) (width 0.01))
>     (fp_poly (pts (xy -0.335139 3.162269) (xy -0.202403 3.092177) (xy -0.176389 2.998611) (xy -0.234034 2.872437)
>       (xy -0.335139 2.834954) (xy -0.452707 2.843779) (xy -0.492069 2.942244) (xy -0.493889 2.998611)
>       (xy -0.47213 3.13342) (xy -0.383417 3.16699) (xy -0.335139 3.162269)) (layer B.SilkS) (width 0.01))
>     (fp_poly (pts (xy -2.807769 1.343596) (xy -2.751867 1.21107) (xy -2.751667 1.201659) (xy -2.803236 1.091628)
>       (xy -2.917731 1.056328) (xy -3.03484 1.101764) (xy -3.08075 1.16891) (xy -3.078701 1.305298)
>       (xy -3.048 1.354667) (xy -2.924902 1.400973) (xy -2.807769 1.343596)) (layer B.SilkS) (width 0.01))
>     (fp_poly (pts (xy 3.038473 1.297492) (xy 3.080509 1.190605) (xy 3.031323 1.090521) (xy 2.910523 0.994202)
>       (xy 2.804939 1.028786) (xy 2.798703 1.034815) (xy 2.746387 1.158792) (xy 2.781536 1.282409)
>       (xy 2.884989 1.340506) (xy 2.888613 1.340556) (xy 3.038473 1.297492)) (layer B.SilkS) (width 0.01))
>     (fp_poly (pts (xy 3.481305 1.067602) (xy 3.484765 1.064753) (xy 3.555119 0.946574) (xy 3.551313 0.876786)
>       (xy 3.456981 0.793368) (xy 3.316326 0.783701) (xy 3.206366 0.852997) (xy 3.206093 0.853438)
>       (xy 3.211517 0.957933) (xy 3.268943 1.041405) (xy 3.377176 1.112679) (xy 3.481305 1.067602)) (layer B.SilkS) (width 0.01))
>     (fp_poly (pts (xy -3.236263 0.975504) (xy -3.210278 0.882911) (xy -3.262147 0.762309) (xy -3.375735 0.711227)
>       (xy -3.478302 0.750154) (xy -3.520333 0.855833) (xy -3.527778 0.933889) (xy -3.489673 1.034777)
>       (xy -3.369028 1.045602) (xy -3.236263 0.975504)) (layer B.SilkS) (width 0.01))
>     (fp_poly (pts (xy -2.883485 0.622726) (xy -2.8575 0.530133) (xy -2.909369 0.409531) (xy -3.022958 0.35845)
>       (xy -3.125524 0.397376) (xy -3.167555 0.503055) (xy -3.175 0.581111) (xy -3.136895 0.681999)
>       (xy -3.01625 0.692824) (xy -2.883485 0.622726)) (layer B.SilkS) (width 0.01))
>     (fp_poly (pts (xy 3.377373 0.579619) (xy 3.420696 0.4416) (xy 3.405671 0.370417) (xy 3.319415 0.293083)
>       (xy 3.189987 0.295569) (xy 3.086933 0.372805) (xy 3.076486 0.394423) (xy 3.066668 0.54919)
>       (xy 3.173663 0.628175) (xy 3.24217 0.635) (xy 3.377373 0.579619)) (layer B.SilkS) (width 0.01))
>     (fp_poly (pts (xy 2.408976 -2.175522) (xy 2.458784 -2.286433) (xy 2.456209 -2.30967) (xy 2.383392 -2.422218)
>       (xy 2.263828 -2.454964) (xy 2.159853 -2.397101) (xy 2.142362 -2.364083) (xy 2.141549 -2.226214)
>       (xy 2.173111 -2.173111) (xy 2.293195 -2.127832) (xy 2.408976 -2.175522)) (layer B.SilkS) (width 0.01))
>     (fp_poly (pts (xy -1.966263 -2.340607) (xy -1.940278 -2.4332) (xy -1.992147 -2.553802) (xy -2.105735 -2.604884)
>       (xy -2.208302 -2.565957) (xy -2.250333 -2.460278) (xy -2.257778 -2.382222) (xy -2.219673 -2.281335)
>       (xy -2.099028 -2.270509) (xy -1.966263 -2.340607)) (layer B.SilkS) (width 0.01))
>     (fp_poly (pts (xy 2.406583 -2.654881) (xy 2.445828 -2.77949) (xy 2.426847 -2.851133) (xy 2.331025 -2.951456)
>       (xy 2.202263 -2.945038) (xy 2.163703 -2.916296) (xy 2.111387 -2.792319) (xy 2.146536 -2.668702)
>       (xy 2.249989 -2.610605) (xy 2.253613 -2.610555) (xy 2.406583 -2.654881)) (layer B.SilkS) (width 0.01))
>     (fp_poly (pts (xy 1.985447 -2.656345) (xy 2.021846 -2.783601) (xy 2.003513 -2.851133) (xy 1.912188 -2.941978)
>       (xy 1.782244 -2.957227) (xy 1.683596 -2.891753) (xy 1.675997 -2.875139) (xy 1.67065 -2.715592)
>       (xy 1.769279 -2.621036) (xy 1.83616 -2.610555) (xy 1.985447 -2.656345)) (layer B.SilkS) (width 0.01))
>     (fp_poly (pts (xy -1.894598 -2.750587) (xy -1.889869 -2.761784) (xy -1.833432 -2.807081) (xy -1.715009 -2.763266)
>       (xy -1.563234 -2.733441) (xy -1.458369 -2.794831) (xy -1.436068 -2.911477) (xy -1.481667 -2.998611)
>       (xy -1.598443 -3.095001) (xy -1.706134 -3.059519) (xy -1.764611 -2.997741) (xy -1.861364 -2.929971)
>       (xy -1.95318 -2.974041) (xy -2.057797 -3.0165) (xy -2.163834 -2.946404) (xy -2.232755 -2.828557)
>       (xy -2.226685 -2.758437) (xy -2.124187 -2.69247) (xy -1.988278 -2.690105) (xy -1.894598 -2.750587)) (layer B.SilkS) (width 0.01))
695,738c715,738
<     (fp_poly (pts (xy -1.894598 -2.750587) (xy -1.889869 -2.761784) (xy -1.833432 -2.807081) (xy -1.715009 -2.763266)
<       (xy -1.563234 -2.733441) (xy -1.458369 -2.794831) (xy -1.436068 -2.911477) (xy -1.481667 -2.998611)
<       (xy -1.598443 -3.095001) (xy -1.706134 -3.059519) (xy -1.764611 -2.997741) (xy -1.861364 -2.929971)
<       (xy -1.95318 -2.974041) (xy -2.057797 -3.0165) (xy -2.163834 -2.946404) (xy -2.232755 -2.828557)
<       (xy -2.226685 -2.758437) (xy -2.124187 -2.69247) (xy -1.988278 -2.690105) (xy -1.894598 -2.750587)) (layer B.SilkS) (width 0.01))
<     (fp_poly (pts (xy 1.985447 -2.656345) (xy 2.021846 -2.783601) (xy 2.003513 -2.851133) (xy 1.912188 -2.941978)
<       (xy 1.782244 -2.957227) (xy 1.683596 -2.891753) (xy 1.675997 -2.875139) (xy 1.67065 -2.715592)
<       (xy 1.769279 -2.621036) (xy 1.83616 -2.610555) (xy 1.985447 -2.656345)) (layer B.SilkS) (width 0.01))
<     (fp_poly (pts (xy 2.406583 -2.654881) (xy 2.445828 -2.77949) (xy 2.426847 -2.851133) (xy 2.331025 -2.951456)
<       (xy 2.202263 -2.945038) (xy 2.163703 -2.916296) (xy 2.111387 -2.792319) (xy 2.146536 -2.668702)
<       (xy 2.249989 -2.610605) (xy 2.253613 -2.610555) (xy 2.406583 -2.654881)) (layer B.SilkS) (width 0.01))
<     (fp_poly (pts (xy -1.966263 -2.340607) (xy -1.940278 -2.4332) (xy -1.992147 -2.553802) (xy -2.105735 -2.604884)
<       (xy -2.208302 -2.565957) (xy -2.250333 -2.460278) (xy -2.257778 -2.382222) (xy -2.219673 -2.281335)
<       (xy -2.099028 -2.270509) (xy -1.966263 -2.340607)) (layer B.SilkS) (width 0.01))
<     (fp_poly (pts (xy 2.408976 -2.175522) (xy 2.458784 -2.286433) (xy 2.456209 -2.30967) (xy 2.383392 -2.422218)
<       (xy 2.263828 -2.454964) (xy 2.159853 -2.397101) (xy 2.142362 -2.364083) (xy 2.141549 -2.226214)
<       (xy 2.173111 -2.173111) (xy 2.293195 -2.127832) (xy 2.408976 -2.175522)) (layer B.SilkS) (width 0.01))
<     (fp_poly (pts (xy 3.377373 0.579619) (xy 3.420696 0.4416) (xy 3.405671 0.370417) (xy 3.319415 0.293083)
<       (xy 3.189987 0.295569) (xy 3.086933 0.372805) (xy 3.076486 0.394423) (xy 3.066668 0.54919)
<       (xy 3.173663 0.628175) (xy 3.24217 0.635) (xy 3.377373 0.579619)) (layer B.SilkS) (width 0.01))
<     (fp_poly (pts (xy -2.883485 0.622726) (xy -2.8575 0.530133) (xy -2.909369 0.409531) (xy -3.022958 0.35845)
<       (xy -3.125524 0.397376) (xy -3.167555 0.503055) (xy -3.175 0.581111) (xy -3.136895 0.681999)
<       (xy -3.01625 0.692824) (xy -2.883485 0.622726)) (layer B.SilkS) (width 0.01))
<     (fp_poly (pts (xy -3.236263 0.975504) (xy -3.210278 0.882911) (xy -3.262147 0.762309) (xy -3.375735 0.711227)
<       (xy -3.478302 0.750154) (xy -3.520333 0.855833) (xy -3.527778 0.933889) (xy -3.489673 1.034777)
<       (xy -3.369028 1.045602) (xy -3.236263 0.975504)) (layer B.SilkS) (width 0.01))
<     (fp_poly (pts (xy 3.481305 1.067602) (xy 3.484765 1.064753) (xy 3.555119 0.946574) (xy 3.551313 0.876786)
<       (xy 3.456981 0.793368) (xy 3.316326 0.783701) (xy 3.206366 0.852997) (xy 3.206093 0.853438)
<       (xy 3.211517 0.957933) (xy 3.268943 1.041405) (xy 3.377176 1.112679) (xy 3.481305 1.067602)) (layer B.SilkS) (width 0.01))
<     (fp_poly (pts (xy 3.038473 1.297492) (xy 3.080509 1.190605) (xy 3.031323 1.090521) (xy 2.910523 0.994202)
<       (xy 2.804939 1.028786) (xy 2.798703 1.034815) (xy 2.746387 1.158792) (xy 2.781536 1.282409)
<       (xy 2.884989 1.340506) (xy 2.888613 1.340556) (xy 3.038473 1.297492)) (layer B.SilkS) (width 0.01))
<     (fp_poly (pts (xy -2.807769 1.343596) (xy -2.751867 1.21107) (xy -2.751667 1.201659) (xy -2.803236 1.091628)
<       (xy -2.917731 1.056328) (xy -3.03484 1.101764) (xy -3.08075 1.16891) (xy -3.078701 1.305298)
<       (xy -3.048 1.354667) (xy -2.924902 1.400973) (xy -2.807769 1.343596)) (layer B.SilkS) (width 0.01))
<     (fp_poly (pts (xy -0.335139 3.162269) (xy -0.202403 3.092177) (xy -0.176389 2.998611) (xy -0.234034 2.872437)
<       (xy -0.335139 2.834954) (xy -0.452707 2.843779) (xy -0.492069 2.942244) (xy -0.493889 2.998611)
<       (xy -0.47213 3.13342) (xy -0.383417 3.16699) (xy -0.335139 3.162269)) (layer B.SilkS) (width 0.01))
<     (fp_poly (pts (xy 0.487156 3.140087) (xy 0.531076 3.101354) (xy 0.527479 2.997174) (xy 0.454473 2.880714)
<       (xy 0.357014 2.822355) (xy 0.352777 2.822223) (xy 0.26811 2.870051) (xy 0.214231 2.924965)
<       (xy 0.164772 3.057792) (xy 0.23688 3.151499) (xy 0.352777 3.175) (xy 0.487156 3.140087)) (layer B.SilkS) (width 0.01))
<     (fp_poly (pts (xy 0.151198 3.539478) (xy 0.201007 3.428567) (xy 0.198432 3.40533) (xy 0.125614 3.292782)
<       (xy 0.00605 3.260036) (xy -0.097925 3.317899) (xy -0.115416 3.350917) (xy -0.116229 3.488786)
<       (xy -0.084667 3.541889) (xy 0.035417 3.587168) (xy 0.151198 3.539478)) (layer B.SilkS) (width 0.01))
---
>     (fp_poly (pts (xy 0.363073 3.928631) (xy 1.017027 3.811542) (xy 1.520303 3.655716) (xy 1.949294 3.455003)
>       (xy 2.347928 3.183665) (xy 2.760133 2.815969) (xy 2.823659 2.753104) (xy 3.20747 2.335282)
>       (xy 3.491188 1.937404) (xy 3.70055 1.51554) (xy 3.861291 1.025763) (xy 3.882097 0.946472)
>       (xy 4.000401 0.279367) (xy 3.999185 -0.363073) (xy 3.882097 -1.017027) (xy 3.726271 -1.520303)
>       (xy 3.525557 -1.949294) (xy 3.25422 -2.347928) (xy 2.886524 -2.760133) (xy 2.823659 -2.823659)
>       (xy 2.405837 -3.20747) (xy 2.007959 -3.491188) (xy 1.586095 -3.70055) (xy 1.096318 -3.861291)
>       (xy 1.017027 -3.882097) (xy 0.287963 -4.00201) (xy -0.431572 -3.983389) (xy -0.97433 -3.878793)
>       (xy -1.475633 -3.718549) (xy -1.907677 -3.509096) (xy -2.313584 -3.224852) (xy -2.736478 -2.840239)
>       (xy -2.753104 -2.823659) (xy -3.136915 -2.405837) (xy -3.420633 -2.007959) (xy -3.629995 -1.586095)
>       (xy -3.790736 -1.096318) (xy -3.811542 -1.017027) (xy -3.929846 -0.349922) (xy -3.929251 -0.035277)
>       (xy -3.760181 -0.035277) (xy -3.693408 -0.755463) (xy -3.50018 -1.430011) (xy -3.191132 -2.046728)
>       (xy -2.776897 -2.593425) (xy -2.268111 -3.05791) (xy -1.675407 -3.427992) (xy -1.009421 -3.691478)
>       (xy -0.465518 -3.812221) (xy 0.099916 -3.840457) (xy 0.746011 -3.767693) (xy 0.9525 -3.726442)
>       (xy 1.589208 -3.517585) (xy 2.170958 -3.190169) (xy 2.685267 -2.760202) (xy 3.119653 -2.243693)
>       (xy 3.461633 -1.656648) (xy 3.698726 -1.015076) (xy 3.818449 -0.334983) (xy 3.830735 -0.035277)
>       (xy 3.763459 0.675379) (xy 3.569316 1.347801) (xy 3.259838 1.967319) (xy 2.846555 2.519264)
>       (xy 2.340998 2.988968) (xy 1.754697 3.361762) (xy 1.099184 3.622977) (xy 0.917222 3.67119)
>       (xy 0.216029 3.77033) (xy -0.468205 3.738791) (xy -1.122381 3.586954) (xy -1.733401 3.325198)
>       (xy -2.288164 2.963905) (xy -2.773572 2.513453) (xy -3.176526 1.984224) (xy -3.483927 1.386597)
>       (xy -3.682674 0.730951) (xy -3.75967 0.027668) (xy -3.760181 -0.035277) (xy -3.929251 -0.035277)
>       (xy -3.928631 0.292518) (xy -3.811542 0.946472) (xy -3.655716 1.449748) (xy -3.455003 1.878739)
>       (xy -3.183665 2.277373) (xy -2.815969 2.689578) (xy -2.753104 2.753104) (xy -2.335282 3.136915)
>       (xy -1.937404 3.420633) (xy -1.51554 3.629995) (xy -1.025763 3.790736) (xy -0.946472 3.811542)
>       (xy -0.279367 3.929846) (xy 0.363073 3.928631)) (layer B.SilkS) (width 0.01))
752,765d751
<     (fp_line (start -1.27 -1.27) (end 0.635 -1.27) (layer F.Fab) (width 0.1))
<     (fp_line (start 0.635 -1.27) (end 1.27 -0.635) (layer F.Fab) (width 0.1))
<     (fp_line (start 1.27 -0.635) (end 1.27 13.97) (layer F.Fab) (width 0.1))
<     (fp_line (start 1.27 13.97) (end -1.27 13.97) (layer F.Fab) (width 0.1))
<     (fp_line (start -1.27 13.97) (end -1.27 -1.27) (layer F.Fab) (width 0.1))
<     (fp_line (start -1.33 1.27) (end 1.33 1.27) (layer F.SilkS) (width 0.12))
<     (fp_line (start -1.33 1.27) (end -1.33 14.03) (layer F.SilkS) (width 0.12))
<     (fp_line (start -1.33 14.03) (end 1.33 14.03) (layer F.SilkS) (width 0.12))
<     (fp_line (start 1.33 1.27) (end 1.33 14.03) (layer F.SilkS) (width 0.12))
<     (fp_line (start 1.33 -1.33) (end 1.33 0) (layer F.SilkS) (width 0.12))
<     (fp_line (start 0 -1.33) (end 1.33 -1.33) (layer F.SilkS) (width 0.12))
<     (fp_line (start -1.8 -1.8) (end 1.75 -1.8) (layer F.CrtYd) (width 0.05))
<     (fp_line (start 1.75 -1.8) (end 1.75 14.45) (layer F.CrtYd) (width 0.05))
<     (fp_line (start 1.75 14.45) (end -1.8 14.45) (layer F.CrtYd) (width 0.05))
766a753,766
>     (fp_line (start 1.75 14.45) (end -1.8 14.45) (layer F.CrtYd) (width 0.05))
>     (fp_line (start 1.75 -1.8) (end 1.75 14.45) (layer F.CrtYd) (width 0.05))
>     (fp_line (start -1.8 -1.8) (end 1.75 -1.8) (layer F.CrtYd) (width 0.05))
>     (fp_line (start 0 -1.33) (end 1.33 -1.33) (layer F.SilkS) (width 0.12))
>     (fp_line (start 1.33 -1.33) (end 1.33 0) (layer F.SilkS) (width 0.12))
>     (fp_line (start 1.33 1.27) (end 1.33 14.03) (layer F.SilkS) (width 0.12))
>     (fp_line (start -1.33 14.03) (end 1.33 14.03) (layer F.SilkS) (width 0.12))
>     (fp_line (start -1.33 1.27) (end -1.33 14.03) (layer F.SilkS) (width 0.12))
>     (fp_line (start -1.33 1.27) (end 1.33 1.27) (layer F.SilkS) (width 0.12))
>     (fp_line (start -1.27 13.97) (end -1.27 -1.27) (layer F.Fab) (width 0.1))
>     (fp_line (start 1.27 13.97) (end -1.27 13.97) (layer F.Fab) (width 0.1))
>     (fp_line (start 1.27 -0.635) (end 1.27 13.97) (layer F.Fab) (width 0.1))
>     (fp_line (start 0.635 -1.27) (end 1.27 -0.635) (layer F.Fab) (width 0.1))
>     (fp_line (start -1.27 -1.27) (end 0.635 -1.27) (layer F.Fab) (width 0.1))
800,813d799
<     (fp_line (start -1.27 1.27) (end 0.635 1.27) (layer B.Fab) (width 0.1))
<     (fp_line (start 0.635 1.27) (end 1.27 0.635) (layer B.Fab) (width 0.1))
<     (fp_line (start 1.27 0.635) (end 1.27 -3.81) (layer B.Fab) (width 0.1))
<     (fp_line (start 1.27 -3.81) (end -1.27 -3.81) (layer B.Fab) (width 0.1))
<     (fp_line (start -1.27 -3.81) (end -1.27 1.27) (layer B.Fab) (width 0.1))
<     (fp_line (start -1.33 -1.27) (end 1.33 -1.27) (layer B.SilkS) (width 0.12))
<     (fp_line (start -1.33 -1.27) (end -1.33 -3.87) (layer B.SilkS) (width 0.12))
<     (fp_line (start -1.33 -3.87) (end 1.33 -3.87) (layer B.SilkS) (width 0.12))
<     (fp_line (start 1.33 -1.27) (end 1.33 -3.87) (layer B.SilkS) (width 0.12))
<     (fp_line (start 1.33 1.33) (end 1.33 0) (layer B.SilkS) (width 0.12))
<     (fp_line (start 0 1.33) (end 1.33 1.33) (layer B.SilkS) (width 0.12))
<     (fp_line (start -1.8 1.8) (end 1.75 1.8) (layer B.CrtYd) (width 0.05))
<     (fp_line (start 1.75 1.8) (end 1.75 -4.3) (layer B.CrtYd) (width 0.05))
<     (fp_line (start 1.75 -4.3) (end -1.8 -4.3) (layer B.CrtYd) (width 0.05))
814a801,814
>     (fp_line (start 1.75 -4.3) (end -1.8 -4.3) (layer B.CrtYd) (width 0.05))
>     (fp_line (start 1.75 1.8) (end 1.75 -4.3) (layer B.CrtYd) (width 0.05))
>     (fp_line (start -1.8 1.8) (end 1.75 1.8) (layer B.CrtYd) (width 0.05))
>     (fp_line (start 0 1.33) (end 1.33 1.33) (layer B.SilkS) (width 0.12))
>     (fp_line (start 1.33 1.33) (end 1.33 0) (layer B.SilkS) (width 0.12))
>     (fp_line (start 1.33 -1.27) (end 1.33 -3.87) (layer B.SilkS) (width 0.12))
>     (fp_line (start -1.33 -3.87) (end 1.33 -3.87) (layer B.SilkS) (width 0.12))
>     (fp_line (start -1.33 -1.27) (end -1.33 -3.87) (layer B.SilkS) (width 0.12))
>     (fp_line (start -1.33 -1.27) (end 1.33 -1.27) (layer B.SilkS) (width 0.12))
>     (fp_line (start -1.27 -3.81) (end -1.27 1.27) (layer B.Fab) (width 0.1))
>     (fp_line (start 1.27 -3.81) (end -1.27 -3.81) (layer B.Fab) (width 0.1))
>     (fp_line (start 1.27 0.635) (end 1.27 -3.81) (layer B.Fab) (width 0.1))
>     (fp_line (start 0.635 1.27) (end 1.27 0.635) (layer B.Fab) (width 0.1))
>     (fp_line (start -1.27 1.27) (end 0.635 1.27) (layer B.Fab) (width 0.1))
841,847d840
<     (fp_line (start -1.4 -0.3) (end -1.4 0.3) (layer B.SilkS) (width 0.12))
<     (fp_line (start 0.7 -1) (end -0.7 -1) (layer B.SilkS) (width 0.12))
<     (fp_line (start 1.4 0.3) (end 1.4 -0.3) (layer B.SilkS) (width 0.12))
<     (fp_line (start -0.7 1) (end 0.7 1) (layer B.SilkS) (width 0.12))
<     (fp_line (start -1.65 1.25) (end 1.65 1.25) (layer B.CrtYd) (width 0.05))
<     (fp_line (start -1.65 1.25) (end -1.65 -1.25) (layer B.CrtYd) (width 0.05))
<     (fp_line (start 1.65 -1.25) (end 1.65 1.25) (layer B.CrtYd) (width 0.05))
848a842,848
>     (fp_line (start 1.65 -1.25) (end 1.65 1.25) (layer B.CrtYd) (width 0.05))
>     (fp_line (start -1.65 1.25) (end -1.65 -1.25) (layer B.CrtYd) (width 0.05))
>     (fp_line (start -1.65 1.25) (end 1.65 1.25) (layer B.CrtYd) (width 0.05))
>     (fp_line (start -0.7 1) (end 0.7 1) (layer B.SilkS) (width 0.12))
>     (fp_line (start 1.4 0.3) (end 1.4 -0.3) (layer B.SilkS) (width 0.12))
>     (fp_line (start 0.7 -1) (end -0.7 -1) (layer B.SilkS) (width 0.12))
>     (fp_line (start -1.4 -0.3) (end -1.4 0.3) (layer B.SilkS) (width 0.12))
885,896d884
<     (fp_line (start 1.85 3.35) (end 1.85 -3.35) (layer B.Fab) (width 0.1))
<     (fp_line (start -1.85 -3.35) (end 1.85 -3.35) (layer B.Fab) (width 0.1))
<     (fp_line (start -4.1 3.41) (end 1.91 3.41) (layer B.SilkS) (width 0.12))
<     (fp_line (start -0.8 3.35) (end 1.85 3.35) (layer B.Fab) (width 0.1))
<     (fp_line (start -1.85 -3.41) (end 1.91 -3.41) (layer B.SilkS) (width 0.12))
<     (fp_line (start -1.85 2.3) (end -1.85 -3.35) (layer B.Fab) (width 0.1))
<     (fp_line (start -4.4 3.6) (end -4.4 -3.6) (layer B.CrtYd) (width 0.05))
<     (fp_line (start -4.4 -3.6) (end 4.4 -3.6) (layer B.CrtYd) (width 0.05))
<     (fp_line (start 4.4 -3.6) (end 4.4 3.6) (layer B.CrtYd) (width 0.05))
<     (fp_line (start 4.4 3.6) (end -4.4 3.6) (layer B.CrtYd) (width 0.05))
<     (fp_line (start 1.91 3.41) (end 1.91 2.15) (layer B.SilkS) (width 0.12))
<     (fp_line (start 1.91 -3.41) (end 1.91 -2.15) (layer B.SilkS) (width 0.12))
897a886,897
>     (fp_line (start 1.91 -3.41) (end 1.91 -2.15) (layer B.SilkS) (width 0.12))
>     (fp_line (start 1.91 3.41) (end 1.91 2.15) (layer B.SilkS) (width 0.12))
>     (fp_line (start 4.4 3.6) (end -4.4 3.6) (layer B.CrtYd) (width 0.05))
>     (fp_line (start 4.4 -3.6) (end 4.4 3.6) (layer B.CrtYd) (width 0.05))
>     (fp_line (start -4.4 -3.6) (end 4.4 -3.6) (layer B.CrtYd) (width 0.05))
>     (fp_line (start -4.4 3.6) (end -4.4 -3.6) (layer B.CrtYd) (width 0.05))
>     (fp_line (start -1.85 2.3) (end -1.85 -3.35) (layer B.Fab) (width 0.1))
>     (fp_line (start -1.85 -3.41) (end 1.91 -3.41) (layer B.SilkS) (width 0.12))
>     (fp_line (start -0.8 3.35) (end 1.85 3.35) (layer B.Fab) (width 0.1))
>     (fp_line (start -4.1 3.41) (end 1.91 3.41) (layer B.SilkS) (width 0.12))
>     (fp_line (start -1.85 -3.35) (end 1.85 -3.35) (layer B.Fab) (width 0.1))
>     (fp_line (start 1.85 3.35) (end 1.85 -3.35) (layer B.Fab) (width 0.1))
928,939d927
<     (fp_line (start 1.85 3.35) (end 1.85 -3.35) (layer B.Fab) (width 0.1))
<     (fp_line (start -1.85 -3.35) (end 1.85 -3.35) (layer B.Fab) (width 0.1))
<     (fp_line (start -4.1 3.41) (end 1.91 3.41) (layer B.SilkS) (width 0.12))
<     (fp_line (start -0.8 3.35) (end 1.85 3.35) (layer B.Fab) (width 0.1))
<     (fp_line (start -1.85 -3.41) (end 1.91 -3.41) (layer B.SilkS) (width 0.12))
<     (fp_line (start -1.85 2.3) (end -1.85 -3.35) (layer B.Fab) (width 0.1))
<     (fp_line (start -4.4 3.6) (end -4.4 -3.6) (layer B.CrtYd) (width 0.05))
<     (fp_line (start -4.4 -3.6) (end 4.4 -3.6) (layer B.CrtYd) (width 0.05))
<     (fp_line (start 4.4 -3.6) (end 4.4 3.6) (layer B.CrtYd) (width 0.05))
<     (fp_line (start 4.4 3.6) (end -4.4 3.6) (layer B.CrtYd) (width 0.05))
<     (fp_line (start 1.91 3.41) (end 1.91 2.15) (layer B.SilkS) (width 0.12))
<     (fp_line (start 1.91 -3.41) (end 1.91 -2.15) (layer B.SilkS) (width 0.12))
940a929,940
>     (fp_line (start 1.91 -3.41) (end 1.91 -2.15) (layer B.SilkS) (width 0.12))
>     (fp_line (start 1.91 3.41) (end 1.91 2.15) (layer B.SilkS) (width 0.12))
>     (fp_line (start 4.4 3.6) (end -4.4 3.6) (layer B.CrtYd) (width 0.05))
>     (fp_line (start 4.4 -3.6) (end 4.4 3.6) (layer B.CrtYd) (width 0.05))
>     (fp_line (start -4.4 -3.6) (end 4.4 -3.6) (layer B.CrtYd) (width 0.05))
>     (fp_line (start -4.4 3.6) (end -4.4 -3.6) (layer B.CrtYd) (width 0.05))
>     (fp_line (start -1.85 2.3) (end -1.85 -3.35) (layer B.Fab) (width 0.1))
>     (fp_line (start -1.85 -3.41) (end 1.91 -3.41) (layer B.SilkS) (width 0.12))
>     (fp_line (start -0.8 3.35) (end 1.85 3.35) (layer B.Fab) (width 0.1))
>     (fp_line (start -4.1 3.41) (end 1.91 3.41) (layer B.SilkS) (width 0.12))
>     (fp_line (start -1.85 -3.35) (end 1.85 -3.35) (layer B.Fab) (width 0.1))
>     (fp_line (start 1.85 3.35) (end 1.85 -3.35) (layer B.Fab) (width 0.1))
970,983d969
<     (fp_line (start -1.27 -1.27) (end 0.635 -1.27) (layer F.Fab) (width 0.1))
<     (fp_line (start 0.635 -1.27) (end 1.27 -0.635) (layer F.Fab) (width 0.1))
<     (fp_line (start 1.27 -0.635) (end 1.27 29.21) (layer F.Fab) (width 0.1))
<     (fp_line (start 1.27 29.21) (end -1.27 29.21) (layer F.Fab) (width 0.1))
<     (fp_line (start -1.27 29.21) (end -1.27 -1.27) (layer F.Fab) (width 0.1))
<     (fp_line (start -1.33 1.27) (end 1.33 1.27) (layer F.SilkS) (width 0.12))
<     (fp_line (start -1.33 1.27) (end -1.33 29.27) (layer F.SilkS) (width 0.12))
<     (fp_line (start -1.33 29.27) (end 1.33 29.27) (layer F.SilkS) (width 0.12))
<     (fp_line (start 1.33 1.27) (end 1.33 29.27) (layer F.SilkS) (width 0.12))
<     (fp_line (start 1.33 -1.33) (end 1.33 0) (layer F.SilkS) (width 0.12))
<     (fp_line (start 0 -1.33) (end 1.33 -1.33) (layer F.SilkS) (width 0.12))
<     (fp_line (start -1.8 -1.8) (end 1.75 -1.8) (layer F.CrtYd) (width 0.05))
<     (fp_line (start 1.75 -1.8) (end 1.75 29.7) (layer F.CrtYd) (width 0.05))
<     (fp_line (start 1.75 29.7) (end -1.8 29.7) (layer F.CrtYd) (width 0.05))
984a971,984
>     (fp_line (start 1.75 29.7) (end -1.8 29.7) (layer F.CrtYd) (width 0.05))
>     (fp_line (start 1.75 -1.8) (end 1.75 29.7) (layer F.CrtYd) (width 0.05))
>     (fp_line (start -1.8 -1.8) (end 1.75 -1.8) (layer F.CrtYd) (width 0.05))
>     (fp_line (start 0 -1.33) (end 1.33 -1.33) (layer F.SilkS) (width 0.12))
>     (fp_line (start 1.33 -1.33) (end 1.33 0) (layer F.SilkS) (width 0.12))
>     (fp_line (start 1.33 1.27) (end 1.33 29.27) (layer F.SilkS) (width 0.12))
>     (fp_line (start -1.33 29.27) (end 1.33 29.27) (layer F.SilkS) (width 0.12))
>     (fp_line (start -1.33 1.27) (end -1.33 29.27) (layer F.SilkS) (width 0.12))
>     (fp_line (start -1.33 1.27) (end 1.33 1.27) (layer F.SilkS) (width 0.12))
>     (fp_line (start -1.27 29.21) (end -1.27 -1.27) (layer F.Fab) (width 0.1))
>     (fp_line (start 1.27 29.21) (end -1.27 29.21) (layer F.Fab) (width 0.1))
>     (fp_line (start 1.27 -0.635) (end 1.27 29.21) (layer F.Fab) (width 0.1))
>     (fp_line (start 0.635 -1.27) (end 1.27 -0.635) (layer F.Fab) (width 0.1))
>     (fp_line (start -1.27 -1.27) (end 0.635 -1.27) (layer F.Fab) (width 0.1))
1030,1043d1029
<     (fp_line (start -1.27 -1.27) (end 0.635 -1.27) (layer F.Fab) (width 0.1))
<     (fp_line (start 0.635 -1.27) (end 1.27 -0.635) (layer F.Fab) (width 0.1))
<     (fp_line (start 1.27 -0.635) (end 1.27 29.21) (layer F.Fab) (width 0.1))
<     (fp_line (start 1.27 29.21) (end -1.27 29.21) (layer F.Fab) (width 0.1))
<     (fp_line (start -1.27 29.21) (end -1.27 -1.27) (layer F.Fab) (width 0.1))
<     (fp_line (start -1.33 1.27) (end 1.33 1.27) (layer F.SilkS) (width 0.12))
<     (fp_line (start -1.33 1.27) (end -1.33 29.27) (layer F.SilkS) (width 0.12))
<     (fp_line (start -1.33 29.27) (end 1.33 29.27) (layer F.SilkS) (width 0.12))
<     (fp_line (start 1.33 1.27) (end 1.33 29.27) (layer F.SilkS) (width 0.12))
<     (fp_line (start 1.33 -1.33) (end 1.33 0) (layer F.SilkS) (width 0.12))
<     (fp_line (start 0 -1.33) (end 1.33 -1.33) (layer F.SilkS) (width 0.12))
<     (fp_line (start -1.8 -1.8) (end 1.75 -1.8) (layer F.CrtYd) (width 0.05))
<     (fp_line (start 1.75 -1.8) (end 1.75 29.7) (layer F.CrtYd) (width 0.05))
<     (fp_line (start 1.75 29.7) (end -1.8 29.7) (layer F.CrtYd) (width 0.05))
1044a1031,1044
>     (fp_line (start 1.75 29.7) (end -1.8 29.7) (layer F.CrtYd) (width 0.05))
>     (fp_line (start 1.75 -1.8) (end 1.75 29.7) (layer F.CrtYd) (width 0.05))
>     (fp_line (start -1.8 -1.8) (end 1.75 -1.8) (layer F.CrtYd) (width 0.05))
>     (fp_line (start 0 -1.33) (end 1.33 -1.33) (layer F.SilkS) (width 0.12))
>     (fp_line (start 1.33 -1.33) (end 1.33 0) (layer F.SilkS) (width 0.12))
>     (fp_line (start 1.33 1.27) (end 1.33 29.27) (layer F.SilkS) (width 0.12))
>     (fp_line (start -1.33 29.27) (end 1.33 29.27) (layer F.SilkS) (width 0.12))
>     (fp_line (start -1.33 1.27) (end -1.33 29.27) (layer F.SilkS) (width 0.12))
>     (fp_line (start -1.33 1.27) (end 1.33 1.27) (layer F.SilkS) (width 0.12))
>     (fp_line (start -1.27 29.21) (end -1.27 -1.27) (layer F.Fab) (width 0.1))
>     (fp_line (start 1.27 29.21) (end -1.27 29.21) (layer F.Fab) (width 0.1))
>     (fp_line (start 1.27 -0.635) (end 1.27 29.21) (layer F.Fab) (width 0.1))
>     (fp_line (start 0.635 -1.27) (end 1.27 -0.635) (layer F.Fab) (width 0.1))
>     (fp_line (start -1.27 -1.27) (end 0.635 -1.27) (layer F.Fab) (width 0.1))
1090,1103d1089
<     (fp_line (start -1.27 -1.27) (end 0.635 -1.27) (layer F.Fab) (width 0.1))
<     (fp_line (start 0.635 -1.27) (end 1.27 -0.635) (layer F.Fab) (width 0.1))
<     (fp_line (start 1.27 -0.635) (end 1.27 19.05) (layer F.Fab) (width 0.1))
<     (fp_line (start 1.27 19.05) (end -1.27 19.05) (layer F.Fab) (width 0.1))
<     (fp_line (start -1.27 19.05) (end -1.27 -1.27) (layer F.Fab) (width 0.1))
<     (fp_line (start -1.33 1.27) (end 1.33 1.27) (layer F.SilkS) (width 0.12))
<     (fp_line (start -1.33 1.27) (end -1.33 19.11) (layer F.SilkS) (width 0.12))
<     (fp_line (start -1.33 19.11) (end 1.33 19.11) (layer F.SilkS) (width 0.12))
<     (fp_line (start 1.33 1.27) (end 1.33 19.11) (layer F.SilkS) (width 0.12))
<     (fp_line (start 1.33 -1.33) (end 1.33 0) (layer F.SilkS) (width 0.12))
<     (fp_line (start 0 -1.33) (end 1.33 -1.33) (layer F.SilkS) (width 0.12))
<     (fp_line (start -1.8 -1.8) (end 1.75 -1.8) (layer F.CrtYd) (width 0.05))
<     (fp_line (start 1.75 -1.8) (end 1.75 19.55) (layer F.CrtYd) (width 0.05))
<     (fp_line (start 1.75 19.55) (end -1.8 19.55) (layer F.CrtYd) (width 0.05))
1104a1091,1104
>     (fp_line (start 1.75 19.55) (end -1.8 19.55) (layer F.CrtYd) (width 0.05))
>     (fp_line (start 1.75 -1.8) (end 1.75 19.55) (layer F.CrtYd) (width 0.05))
>     (fp_line (start -1.8 -1.8) (end 1.75 -1.8) (layer F.CrtYd) (width 0.05))
>     (fp_line (start 0 -1.33) (end 1.33 -1.33) (layer F.SilkS) (width 0.12))
>     (fp_line (start 1.33 -1.33) (end 1.33 0) (layer F.SilkS) (width 0.12))
>     (fp_line (start 1.33 1.27) (end 1.33 19.11) (layer F.SilkS) (width 0.12))
>     (fp_line (start -1.33 19.11) (end 1.33 19.11) (layer F.SilkS) (width 0.12))
>     (fp_line (start -1.33 1.27) (end -1.33 19.11) (layer F.SilkS) (width 0.12))
>     (fp_line (start -1.33 1.27) (end 1.33 1.27) (layer F.SilkS) (width 0.12))
>     (fp_line (start -1.27 19.05) (end -1.27 -1.27) (layer F.Fab) (width 0.1))
>     (fp_line (start 1.27 19.05) (end -1.27 19.05) (layer F.Fab) (width 0.1))
>     (fp_line (start 1.27 -0.635) (end 1.27 19.05) (layer F.Fab) (width 0.1))
>     (fp_line (start 0.635 -1.27) (end 1.27 -0.635) (layer F.Fab) (width 0.1))
>     (fp_line (start -1.27 -1.27) (end 0.635 -1.27) (layer F.Fab) (width 0.1))
1143,1154d1142
<     (fp_line (start -1.2 1.2) (end -0.9 1.5) (layer F.SilkS) (width 0.12))
<     (fp_line (start -1.5 1.5) (end -0.9 1.5) (layer F.SilkS) (width 0.12))
<     (fp_line (start -1.2 1.2) (end -1.5 1.5) (layer F.SilkS) (width 0.12))
<     (fp_line (start -2.05 0.3) (end -2.05 -0.3) (layer F.SilkS) (width 0.12))
<     (fp_line (start 1.4 1) (end -1.4 1) (layer F.SilkS) (width 0.12))
<     (fp_line (start 2.05 -0.3) (end 2.05 0.3) (layer F.SilkS) (width 0.12))
<     (fp_line (start -1.4 -1) (end 1.4 -1) (layer F.SilkS) (width 0.12))
<     (fp_line (start -2.3 -1.25) (end 2.3 -1.25) (layer F.CrtYd) (width 0.05))
<     (fp_line (start -2.3 -1.25) (end -2.3 1.25) (layer F.CrtYd) (width 0.05))
<     (fp_line (start 2.3 1.25) (end 2.3 -1.25) (layer F.CrtYd) (width 0.05))
<     (fp_line (start 2.3 1.25) (end -2.3 1.25) (layer F.CrtYd) (width 0.05))
<     (fp_poly (pts (xy -0.9 -0.6) (xy -0.4 -0.6) (xy -0.4 -0.2) (xy -0.9 -0.2)) (layer F.Cu) (width 0))
1155a1144,1155
>     (fp_poly (pts (xy -0.9 -0.6) (xy -0.4 -0.6) (xy -0.4 -0.2) (xy -0.9 -0.2)) (layer F.Cu) (width 0))
>     (fp_line (start 2.3 1.25) (end -2.3 1.25) (layer F.CrtYd) (width 0.05))
>     (fp_line (start 2.3 1.25) (end 2.3 -1.25) (layer F.CrtYd) (width 0.05))
>     (fp_line (start -2.3 -1.25) (end -2.3 1.25) (layer F.CrtYd) (width 0.05))
>     (fp_line (start -2.3 -1.25) (end 2.3 -1.25) (layer F.CrtYd) (width 0.05))
>     (fp_line (start -1.4 -1) (end 1.4 -1) (layer F.SilkS) (width 0.12))
>     (fp_line (start 2.05 -0.3) (end 2.05 0.3) (layer F.SilkS) (width 0.12))
>     (fp_line (start 1.4 1) (end -1.4 1) (layer F.SilkS) (width 0.12))
>     (fp_line (start -2.05 0.3) (end -2.05 -0.3) (layer F.SilkS) (width 0.12))
>     (fp_line (start -1.2 1.2) (end -1.5 1.5) (layer F.SilkS) (width 0.12))
>     (fp_line (start -1.5 1.5) (end -0.9 1.5) (layer F.SilkS) (width 0.12))
>     (fp_line (start -1.2 1.2) (end -0.9 1.5) (layer F.SilkS) (width 0.12))
1194,1205d1193
<     (fp_line (start -1.2 1.2) (end -0.9 1.5) (layer F.SilkS) (width 0.12))
